4,13.24,2.59,2.87,21.0,118,2.8,2.69,0.39,1.82,4.32,1.04,2.93,735,1
5,14.2,1.76,2.45,15.2,112,3.27,3.39,0.34,1.97,6.75,1.05,2.85,1450,1
6,14.39,1.87,2.45,14.6,96,2.5,2.52,0.3,1.98,5.25,1.02,3.58,1290,1
10,14.1,2.16,2.3,18.0,105,2.95,3.32,0.22,2.38,5.75,1.25,3.17,1510,1
13,14.75,1.73,2.39,11.4,91,3.1,3.69,0.43,2.81,5.4,1.25,2.73,1150,1
14,14.38,1.87,2.38,12.0,102,3.3,3.64,0.29,2.96,7.5,1.2,3.0,1547,1
15,13.63,1.81,2.7,17.2,112,2.85,2.91,0.3,1.46,7.3,1.28,2.88,1310,1
21,12.93,3.8,2.65,18.6,102,2.41,2.41,0.25,1.98,4.5,1.03,3.52,770,1
26,13.39,1.77,2.62,16.1,93,2.85,2.94,0.34,1.45,4.8,0.92,3.22,1195,1
29,14.02,1.68,2.21,16.0,96,2.65,2.33,0.26,1.98,4.7,1.04,3.59,1035,1
31,13.58,1.66,2.36,19.1,106,2.86,3.19,0.22,1.95,6.9,1.09,2.88,1515,1
32,13.68,1.83,2.36,17.2,104,2.42,2.69,0.42,1.97,3.84,1.23,2.87,990,1
37,13.05,1.65,2.55,18.0,98,2.45,2.43,0.29,1.44,4.25,1.12,2.51,1105,1
40,13.56,1.71,2.31,16.2,117,3.15,3.29,0.34,2.34,6.13,0.95,3.38,795,1
42,13.88,1.89,2.59,15.0,101,3.25,3.56,0.17,1.7,5.43,0.88,3.56,1095,1
44,13.05,1.77,2.1,17.0,107,3.0,3.0,0.28,2.03,5.04,0.88,3.35,885,1
49,13.94,1.73,2.27,17.4,108,2.88,3.54,0.32,2.08,8.9,1.12,3.1,1260,1
56,14.22,1.7,2.3,16.3,118,3.2,3.0,0.26,2.03,6.38,0.94,3.31,970,1
57,13.29,1.97,2.68,16.8,102,3.0,3.23,0.31,1.66,6.0,1.07,2.84,1270,1
58,13.72,1.43,2.5,16.7,108,3.4,3.67,0.19,2.04,6.8,0.89,2.87,1285,1
61,12.64,1.36,2.02,16.8,100,2.02,1.41,0.53,0.62,5.75,0.98,1.59,450,3
64,12.17,1.45,2.53,19.0,104,1.89,1.75,0.45,1.03,2.95,1.45,2.23,355,2
66,13.11,1.01,1.7,15.0,78,2.98,3.18,0.26,2.28,5.3,1.12,3.18,502,1
68,13.34,0.94,2.36,17.0,110,2.53,1.3,0.55,0.42,3.17,1.02,1.93,750,2
71,13.86,1.51,2.67,25.0,86,2.95,2.86,0.21,1.87,3.38,1.36,3.16,410,2
72,13.49,1.66,2.24,24.0,87,1.88,1.84,0.27,1.03,3.74,0.98,2.78,472,2
77,11.84,2.89,2.23,18.0,112,1.72,1.32,0.43,0.95,2.65,0.96,2.52,500,2
79,12.7,3.87,2.4,23.0,101,2.83,2.55,0.43,1.95,2.57,1.19,3.13,463,2
83,13.05,3.86,2.32,22.5,85,1.65,1.59,0.61,1.62,4.8,0.84,2.01,515,3
90,12.08,1.83,2.32,18.5,81,1.6,1.5,0.52,1.64,2.4,1.08,2.27,480,2
98,12.37,1.07,2.1,18.5,88,3.52,3.75,0.24,1.95,4.5,1.04,2.77,660,2
99,12.29,3.17,2.21,18.0,88,2.85,2.99,0.45,2.81,2.3,1.42,2.83,406,2
100,12.08,2.08,1.7,17.5,97,2.23,2.17,0.26,1.4,3.3,1.27,2.96,710,2
105,12.42,2.55,2.27,22.0,90,1.68,1.84,0.66,1.42,2.7,0.86,3.3,315,2
108,12.22,1.29,1.94,19.0,92,2.36,2.04,0.39,2.08,2.7,0.86,3.02,312,2
109,11.61,1.35,2.7,20.0,94,2.74,2.92,0.29,2.49,2.65,0.96,3.26,680,2
110,11.46,3.74,1.82,19.5,107,3.18,2.58,0.24,3.58,2.9,0.75,2.81,562,2
111,12.52,2.43,2.17,21.0,88,2.55,2.27,0.26,1.22,2.0,0.9,2.78,325,2
117,12.42,1.61,2.19,22.5,108,2.0,2.09,0.34,1.61,2.06,1.06,2.96,345,2
123,13.05,5.8,2.13,21.5,86,2.62,2.65,0.3,2.01,2.6,0.73,3.1,380,2
124,11.87,4.31,2.39,21.0,82,2.86,3.03,0.21,2.91,2.8,0.75,3.64,380,2
128,12.37,1.63,2.3,24.5,88,2.22,2.45,0.4,1.9,2.12,0.89,2.78,342,2
131,12.88,2.99,2.4,20.0,104,1.3,1.22,0.24,0.83,5.4,0.74,1.42,530,3
132,12.81,2.31,2.4,24.0,98,1.15,1.09,0.27,0.83,5.7,0.66,1.36,560,3
141,13.36,2.56,2.35,20.0,89,1.4,0.5,0.37,0.64,5.6,0.7,2.47,780,3
144,12.25,3.88,2.2,18.5,112,1.38,0.78,0.29,1.14,8.21,0.65,2.0,855,3
145,13.16,3.57,2.15,21.0,102,1.5,0.55,0.43,1.3,4.0,0.6,1.68,830,3
148,13.32,3.24,2.38,21.5,92,1.93,0.76,0.45,1.25,8.42,0.55,1.62,650,3
149,13.08,3.9,2.36,21.5,113,1.41,1.39,0.34,1.14,9.4,0.57,1.33,550,3
151,12.79,2.67,2.48,22.0,112,1.48,1.36,0.24,1.26,10.8,0.48,1.47,480,3
152,13.11,1.9,2.75,25.5,116,2.2,1.28,0.26,1.56,7.1,0.61,1.33,425,3
155,13.17,5.19,2.32,22.0,93,1.74,0.63,0.61,1.55,7.9,0.6,1.48,725,3
158,14.34,1.68,2.7,25.0,98,2.8,1.31,0.53,2.7,13.0,0.57,1.96,660,3
164,13.78,2.76,2.3,22.0,90,1.35,0.68,0.41,1.03,9.58,0.7,1.68,615,3
167,12.82,3.37,2.3,19.5,88,1.48,0.66,0.4,0.97,10.26,0.72,1.75,685,3
168,13.58,2.58,2.69,24.5,105,1.55,0.84,0.39,1.54,8.66,0.74,1.8,750,3
171,12.77,2.39,2.28,19.5,86,1.39,0.51,0.48,0.64,9.899999000000001,0.57,1.63,470,3
173,13.71,5.65,2.45,20.5,95,1.68,0.61,0.52,1.06,7.7,0.64,1.74,740,3
175,13.27,4.28,2.26,20.0,120,1.59,0.69,0.43,1.35,10.2,0.59,1.56,835,3
